<?xml version="1.0"?>
<opencv_storage>
<timestamp_ms>1.7763067477470000e+12</timestamp_ms>
<resolution>5.0000000745058060e-02</resolution>
<origin_x>3.7299999237060547e+01</origin_x>
<origin_y>2.6399999618530273e+01</origin_y>
<map_cols>40</map_cols>
<map_rows>40</map_rows>
</opencv_storage>
