<?xml version="1.0"?>
<opencv_storage>
<timestamp_ms>1.7763067501720000e+12</timestamp_ms>
<resolution>5.0000000745058060e-02</resolution>
<origin_x>3.6750000000000000e+01</origin_x>
<origin_y>2.6450000762939453e+01</origin_y>
<map_cols>40</map_cols>
<map_rows>40</map_rows>
</opencv_storage>
