<?xml version="1.0"?>
<opencv_storage>
<timestamp_ms>1.7744311113659020e+15</timestamp_ms>
<resolution>5.0000000745058060e-02</resolution>
<origin_x>3.1450000762939453e+01</origin_x>
<origin_y>2.3850000381469727e+01</origin_y>
<map_cols>40</map_cols>
<map_rows>40</map_rows>
</opencv_storage>
