<?xml version="1.0"?>
<opencv_storage>
<timestamp_ms>1.7744314076035210e+15</timestamp_ms>
<resolution>5.0000000745058060e-02</resolution>
<origin_x>2.4200000762939453e+01</origin_x>
<origin_y>2.3750000000000000e+01</origin_y>
<map_cols>40</map_cols>
<map_rows>40</map_rows>
</opencv_storage>
